-2.406285402095642567e-05
1.937409348319781804e-08
-4.941692163229483015e-05
1.494059247860521835e-07
-7.479439424951106474e-05
4.717992355318106489e-07
-1.001932620018908260e-04
9.552517882939500870e-07
-1.256114156761301004e-04
1.594100204620309345e-06
-1.510467379690072498e-04
2.386355328958707765e-06
-1.764971158979000698e-04
3.330465598373261648e-06
-2.019604422803800148e-04
4.424923913142603509e-06
-2.274346163151363953e-04
5.668220171951444800e-06
1.815610890653907017e-03
-1.206789538228984163e-05
4.314790278109881250e-03
-7.447127524341483752e-05
6.801374283698757850e-03
-1.210706824815083237e-04
9.281672051280331903e-03
-1.707937815064072254e-04
1.176003273634895763e-02
-2.252659849232476342e-04
1.423904985928614586e-02
-2.872121996637091914e-04
1.671720772695362012e-02
-3.517240342937381871e-04
1.919475197010916956e-02
-4.218505974890053014e-04
2.167320838580022446e-02
-4.971200192658352217e-04
2.414978179184795737e-02
-5.751561237772156434e-04
2.662895447374413749e-02
-6.581799805994729882e-04
2.910779707967442453e-02
-7.464319319661043154e-04
3.158626799363256632e-02
-8.383156734029432837e-04
3.406558076043270100e-02
-9.359554891195229123e-04
3.654304646214212582e-02
-1.039096464486436713e-03
3.901971816618532429e-02
-1.147348159423274786e-03
4.149845328165502334e-02
-1.258289247713494357e-03
4.397581540750494788e-02
-1.375309774454422590e-03
4.645404834773514402e-02
-1.498722552611219446e-03
4.893465984984829431e-02
-1.623435244507039077e-03
5.141196315368634639e-02
-1.753438490058899235e-03
5.389343369830468244e-02
-1.885212489906894174e-03
5.637142639030240376e-02
-2.023567990526387462e-03
5.884903911412187050e-02
-2.167712058992227360e-03
6.132544246521248743e-02
-2.319007308979493566e-03
6.380210750932413521e-02
-2.475904072217293035e-03
6.628024036381829909e-02
-2.634489363082906897e-03
6.875727013948340627e-02
-2.795908445714452920e-03
7.123407811588328142e-02
-2.963498438706132793e-03
7.370948424756845752e-02
-3.134962696488840812e-03
7.619203623110704093e-02
-3.310021168568014378e-03
7.866636031362811421e-02
-3.491848336944204829e-03
8.114256190755581022e-02
-3.675790093283744404e-03
8.361827221661310983e-02
-3.864689083954574774e-03
8.609333819060749349e-02
-4.056360342188944888e-03
8.857578815336336620e-02
-4.251461571444609296e-03
9.105296999602258134e-02
-4.450631696161213777e-03
9.352516612459377265e-02
-4.657549288459541387e-03
9.600539326015822272e-02
-4.866458980952932320e-03
9.848126453431710337e-02
-5.080222674489110954e-03
1.009548266998509525e-01
-5.300106537879227878e-03
1.034273074474258980e-01
-5.522992802521321104e-03
1.059005872581557650e-01
-5.749098797814562907e-03
1.083738106373657861e-01
-5.979046720113906019e-03
1.108443233695876051e-01
-6.213385002206001095e-03
1.133172373163731650e-01
-6.451014784242805819e-03
1.158084099573196690e-01
-6.689950332430336793e-03
1.182775861591071620e-01
-6.936949965491312313e-03
1.207562770470065328e-01
-7.184379256941302722e-03
1.232458667596967872e-01
-7.435003761151985115e-03
1.257228631382371065e-01
-7.691400152892507829e-03
1.281922344170471351e-01
-7.952951766170057724e-03
1.306831492023514119e-01
-8.218371822591335682e-03
1.331705070950991443e-01
-8.486157043541090253e-03
1.356459860607421297e-01
-8.760201300633280869e-03
1.381133528194145033e-01
-9.038710962138311877e-03
1.405794258024455345e-01
-9.318157075923177990e-03
1.430491407653252112e-01
-9.602574919605314646e-03
1.455378520351877647e-01
-9.891184041776504912e-03
1.480250840807815771e-01
-1.018184137535307725e-02
1.505069674433822113e-01
-1.047936991451371008e-02
1.529760833758316285e-01
-1.077351649265020743e-02
1.554493164119665205e-01
-1.107591289530179129e-02
1.579186018096697119e-01
-1.138022089208677416e-02
1.603856556915693177e-01
-1.168576707023473611e-02
1.628529124428410579e-01
-1.199527201523777065e-02
1.653190243388917291e-01
-1.230805531817916187e-02
1.677853635714968150e-01
-1.262894853478292723e-02
1.702550607137479632e-01
-1.295227209868996671e-02
1.727269992032975932e-01
-1.327693494084438569e-02
1.752058742778294098e-01
-1.360594837174722987e-02
1.777018506583505908e-01
-1.393903965534506323e-02
1.801919072776157482e-01
-1.427578810738028281e-02
1.826855664582045513e-01
-1.461721342369661988e-02
1.851609447333963654e-01
-1.496107327844207677e-02
1.876354907058036259e-01
-1.530870005766727521e-02
1.901215344035542265e-01
-1.566279218598259221e-02
1.926107313445810654e-01
-1.601868302037222705e-02
1.950976028646175808e-01
-1.638179170371565144e-02
1.975489931305716429e-01
-1.674779804482463136e-02
2.000430944521851273e-01
-1.711541730469513800e-02
2.025260311195526686e-01
-1.748618749380002890e-02
2.050054973557202675e-01
-1.785997873175516198e-02
2.074697544587337517e-01
-1.823605392000601441e-02
2.099652930271606044e-01
-1.861781760797898491e-02
2.124765395512543953e-01
-1.900095989873747462e-02
2.149938942507981232e-01
-1.938742096335413501e-02
2.175121610312838460e-01
-1.977729643663124481e-02
2.200310572713492230e-01
-2.017062366118173994e-02
2.225507128143588420e-01
-2.056737982373465362e-02
2.250518157530633501e-01
-2.096876838166891743e-02
2.275224909309481180e-01
-2.137732452855678825e-02
2.299669234402470785e-01
-2.179099087936091361e-02
2.324069703695562927e-01
-2.220887064202475836e-02
2.347970569193913171e-01
-2.263983159330466149e-02
2.372090583400357777e-01
-2.306962765127453657e-02
2.396358117178741809e-01
-2.349289916216009202e-02
2.420646305947174448e-01
-2.391714845982275892e-02
2.445310114999286188e-01
-2.434423882131600200e-02
2.470117872821541438e-01
-2.478002651488531508e-02
2.494556328071745044e-01
-2.521651656632148408e-02
2.519026219883050977e-01
-2.565715126655622111e-02
2.543456595964856404e-01
-2.609968331272927849e-02
2.568114528014437403e-01
-2.654284877106710683e-02
2.592974819433744305e-01
-2.699353401245555353e-02
2.617714564329798321e-01
-2.744649560689596535e-02
2.642466426263532231e-01
-2.788717482415225407e-02
2.666454685375043709e-01
-2.835942597148981975e-02
2.691160010734144903e-01
-2.880109423783238504e-02
2.715490557574194996e-01
-2.926344768802054824e-02
2.739815016913217383e-01
-2.972501108552697349e-02
2.763940196491111445e-01
-3.020054716518735111e-02
2.788440180433018334e-01
-3.066168604388568725e-02
2.812733154279267733e-01
-3.113436779456855291e-02
2.837023798395681418e-01
-3.161059521239912434e-02
2.861312979000389944e-01
-3.209014633255163201e-02
2.885587015000068423e-01
-3.257132369793508397e-02
2.909859975587029690e-01
-3.305754373467695989e-02
2.934121518692769381e-01
-3.354450012373637324e-02
2.958377759250272465e-01
-3.403410557393563712e-02
2.982627333642211553e-01
-3.452474266102149858e-02
3.006872394545747618e-01
-3.501846500606102530e-02
3.030905323673677709e-01
-3.552392939238824265e-02
3.055129050432831561e-01
-3.602436667209586024e-02
3.079346812279207257e-01
-3.652832839624252370e-02
3.103555824112102512e-01
-3.703467075956620724e-02
3.127756966745915967e-01
-3.754362239529747403e-02
3.151951282605713889e-01
-3.805521228834326392e-02
3.176137871611268149e-01
-3.856958478108994670e-02
3.200318085232504717e-01
-3.908665628647637474e-02
3.224490233739254474e-01
-3.960630008341785302e-02
3.248654482369742191e-01
-4.012857128280578056e-02
3.272808285254468763e-01
-4.065321041874193214e-02
3.296960169266026086e-01
-4.118076143546232221e-02
3.321103786502502819e-01
-4.171105020913276618e-02
3.345234575729725823e-01
-4.224365331096158194e-02
3.369362179177228800e-01
-4.277932524442747825e-02
3.393478529108959196e-01
-4.331709684624647505e-02
3.417590597858832235e-01
-4.385783567889946222e-02
3.441693381760221326e-01
-4.440075286084348150e-02
3.465790899409724735e-01
-4.494652137358579047e-02
3.489880484309716424e-01
-4.549457286201209066e-02
3.513964264739712906e-01
-4.604529416515582008e-02
3.538041485817963183e-01
-4.659849165557086031e-02
3.562111612766827307e-01
-4.715421715284468657e-02
3.586174538393763767e-01
-4.771243765869384590e-02
3.610230246657623043e-01
-4.827314803401073356e-02
3.634278816774352272e-01
-4.883633679582230491e-02
3.658321073111452382e-01
-4.940192336752328994e-02
3.682360828302461697e-01
-4.996974574502986710e-02
3.706600411532581796e-01
-5.053211295234687206e-02
3.730611916485959689e-01
-5.110454993594834572e-02
3.754627193620899694e-01
-5.167904547284861427e-02
3.778388177782068813e-01
-5.226596754494679253e-02
3.802349595374708846e-01
-5.284386718812968814e-02
3.825888200801535466e-01
-5.344758760855499585e-02
3.849866509001034220e-01
-5.403305259769163732e-02
3.873835266489090712e-01
-5.461880216414931322e-02
3.897323628070057389e-01
-5.522432022846961858e-02
3.921272803507880322e-01
-5.581780518363872734e-02
3.944594869822239946e-01
-5.644398368767868102e-02
3.968749688629437111e-01
-5.702872456211281749e-02
3.992689522001161562e-01
-5.762735712969221935e-02
4.016390510682731896e-01
-5.824083607322189104e-02
4.040523582579131356e-01
-5.883500035070712841e-02
4.064445381084735853e-01
-5.944320328028884770e-02
4.088357125162192518e-01
-6.005084281070617591e-02
4.112416919496361123e-01
-6.065717088746079566e-02
4.135855201035471551e-01
-6.128978606066572132e-02
4.159962406428924231e-01
-6.189456848418231627e-02
4.183842971184469350e-01
-6.251395401086183579e-02
4.207685914061554677e-01
-6.313266115114458954e-02
4.231550493883256547e-01
-6.375551769590795392e-02
4.255392299056122152e-01
-6.437754791581322411e-02
4.279132823718718726e-01
-6.500666570632906982e-02
4.302949474524556117e-01
-6.563832447156968397e-02
4.326911229082710530e-01
-6.626221679552903032e-02
4.350263278828089275e-01
-6.691636206664666742e-02
4.373833651392651789e-01
-6.756493077631291200e-02
4.398110764291116581e-01
-6.818357499719343573e-02
4.421959413539826023e-01
-6.882501686567790711e-02
4.446225639477656699e-01
-6.944847470325278549e-02
4.470486212585215724e-01
-7.007436787770533748e-02
4.494740908960441761e-01
-7.070268442822277843e-02
4.518989810889926240e-01
-7.133349399260185963e-02
4.543231417253905668e-01
-7.196623494049342318e-02
4.567468011783554216e-01
-7.260158226122775948e-02
4.591697246172742330e-01
-7.323887443961601962e-02
4.615920865290272790e-01
-7.387863190763557797e-02
4.640138055771045877e-01
-7.452060007563392208e-02
4.664348469044165002e-01
-7.516465215574172354e-02
4.688552955989419013e-01
-7.581109449229370134e-02
4.712750211688586655e-01
-7.645951325748630290e-02
4.736941761320914712e-01
-7.711031364022119527e-02
4.761126590995741759e-01
-7.776327507718612531e-02
4.785305278507065441e-01
-7.841852893107842393e-02
4.809477059188020931e-01
-7.907608662933245103e-02
4.833642024664643322e-01
-7.973549110284498809e-02
4.857800525035163575e-01
-8.039733325857824353e-02
4.881432648270013219e-01
-8.108249381439427972e-02
4.904561713040122006e-01
-8.179046270515535899e-02
4.927680264114494002e-01
-8.250228833168926634e-02
4.950800126339113816e-01
-8.321632435504314196e-02
4.973913844423256125e-01
-8.393228843169051046e-02
4.997013517534250049e-01
-8.465017943225866537e-02
5.020105633297138326e-01
-8.537074261016366905e-02
5.043194049335671947e-01
-8.609323503233472230e-02
5.066273499521047885e-01
-8.681785389521579077e-02
5.089344317749229241e-01
-8.754461900607710123e-02
5.112406486546825501e-01
-8.827351760023596783e-02
5.135460089197997346e-01
-8.900453898095746219e-02
5.158504978177983480e-01
-8.973768251898577020e-02
5.181545121713209134e-01
-9.047295202532526504e-02
5.204568774220994509e-01
-9.121029631632546208e-02
5.227587577635375293e-01
-9.194994674477360852e-02
5.250856459963515466e-01
-9.268287247575561494e-02
5.274095722784942764e-01
-9.341549184900622971e-02
5.297380566039930905e-01
-9.415040639411162426e-02
5.321035854570845824e-01
-9.486613317855685512e-02
5.344413745424281270e-01
-9.559546005369499999e-02
5.367382215333671436e-01
-9.634811474837010059e-02
5.390343747444731326e-01
-9.710270444316905503e-02
5.413298493657028310e-01
-9.785942476486425567e-02
5.436242242691200488e-01
-9.861817959604431139e-02
5.459176469297702949e-01
-9.937897799300748902e-02
5.482649534882716447e-01
-1.001173023188383637e-01
5.506080662974779383e-01
-1.008613161177985551e-01
5.528990337061131521e-01
-1.016282266696949266e-01
5.551891730154926430e-01
-1.023973406437842515e-01
5.574784287437187791e-01
-1.031684940110219606e-01
5.597667943755433306e-01
-1.039416499368286395e-01
5.620542883124658440e-01
-1.047168108870971670e-01
5.643409170672112340e-01
-1.054939742876535580e-01
5.666266855671546754e-01
-1.062731367289954376e-01
5.689115948548285617e-01
-1.070542945429997506e-01
5.711956436204690402e-01
-1.078374436754635790e-01
5.734788390841349948e-01
-1.086225793839451226e-01
5.757611831357963839e-01
-1.094096984402390393e-01
5.780426798240839714e-01
-1.101987963074163024e-01
5.803233334987085712e-01
-1.109898689022393026e-01
5.826031510870879337e-01
-1.117829117610743550e-01
5.848821335081020312e-01
-1.125779215655223070e-01
5.871602944950171654e-01
-1.133748945136704989e-01
5.894376375868729534e-01
-1.141738259064483674e-01
5.917141799616290054e-01
-1.149747138297246285e-01
5.939901625655137352e-01
-1.157775042759379008e-01
5.963189641520052486e-01
-1.165643097940177175e-01
5.985925638679437943e-01
-1.173696987791148783e-01
6.009474980295703705e-01
-1.181464357786726205e-01
6.032731075179473823e-01
-1.189386737002269684e-01
6.055732785546892316e-01
-1.197425078200736737e-01
6.078987318030161235e-01
-1.205375240118199132e-01
6.102221776409392229e-01
-1.213333534095782651e-01
6.125200465535836081e-01
-1.221400392240707816e-01
6.148424276006910771e-01
-1.229409075904097370e-01
6.171915965153106365e-01
-1.237338747224927954e-01
6.194875336446779013e-01
-1.245486622986605729e-01
6.218369791553735038e-01
-1.253450798896337537e-01
6.241563086127304150e-01
-1.261543458847071975e-01
6.264497395366304122e-01
-1.269741425013127811e-01
6.287954427337272278e-01
-1.277772234220363734e-01
6.310848627377578790e-01
-1.286002038015488513e-01
6.334029056805425828e-01
-1.294155009263829037e-01
6.357458047819088964e-01
-1.302243120279245048e-01
6.380343739672823533e-01
-1.310563516403892570e-01
6.403512628800749340e-01
-1.318755615098107514e-01
6.426397965668003698e-01
-1.327099051322256917e-01
6.449803613323060736e-01
-1.335227720975287746e-01
6.472948608184867503e-01
-1.343458361940527146e-01
6.495808542007374120e-01
-1.351849847662124904e-01
6.519190619636922035e-01
-1.360035816258236552e-01
6.542310741210508596e-01
-1.368324755602546849e-01
6.565145496333809616e-01
-1.376774929604023257e-01
6.588504013344447241e-01
-1.385018145354164898e-01
6.611599194194838214e-01
-1.393365002208166170e-01
6.634408778963761799e-01
-1.401873442116198243e-01
6.657743897647298015e-01
-1.410173800352496898e-01
6.680814638978336273e-01
-1.418577658124128560e-01
6.703602180562362456e-01
-1.427146079726598349e-01
6.726925713231287629e-01
-1.435521996343455675e-01
6.749979953458167259e-01
-1.443997054979174743e-01
6.772747885643917165e-01
-1.452625770179695741e-01
6.796051973099981325e-01
-1.461064022507914673e-01
6.819093859830966942e-01
-1.469618540214797098e-01
6.841835371794511289e-01
-1.478300228141838923e-01
6.865124450734021444e-01
-1.486805089952980552e-01
6.888142747713053016e-01
-1.495409274925279808e-01
6.910859487778044929e-01
-1.504144519261824686e-01
6.934127922026314117e-01
-1.512698462494500018e-01
6.957118820572811835e-01
-1.521349938999814744e-01
6.979804317956340709e-01
-1.530125418220606437e-01
7.003050997228685848e-01
-1.538758213168686384e-01
7.026018797187589815e-01
-1.547456647271649999e-01
7.048690323010433634e-01
-1.556297575567328617e-01
7.071906030221757344e-01
-1.564958138028337276e-01
7.094857743463025557e-01
-1.573730414412652934e-01
7.117506257340953102e-01
-1.582647623988293617e-01
7.139825972346476313e-01
-1.591626598444451368e-01
7.162733970770291947e-01
-1.600484069752154681e-01
7.185929219640763144e-01
-1.609241418724207950e-01
7.208559744672555780e-01
-1.618224967690318206e-01
7.230844558971351033e-01
-1.627282591601222073e-01
7.253448405443169156e-01
-1.636301020538173390e-01
7.276602996060961281e-01
-1.645149743307233736e-01
7.299485636106695097e-01
-1.654095366245929011e-01
7.322059531070953531e-01
-1.663159842970785840e-01
7.345190633649028022e-01
-1.672065379862641143e-01
7.367148208529330500e-01
-1.681351790902414212e-01
7.390276330619105494e-01
-1.690287029339895553e-01
7.412833770701899860e-01
-1.699414224125641026e-01
7.435646955866479502e-01
-1.708499514667567443e-01
7.457579593652972072e-01
-1.717829943729985709e-01
7.480664330040477372e-01
-1.726848773154473216e-01
7.502584004728580780e-01
-1.736231016858133525e-01
7.525659194573526278e-01
-1.745296323118054882e-01
7.548167247748012176e-01
-1.754529199197290279e-01
7.570934984202860596e-01
-1.763714919497082201e-01
7.593988099897228672e-01
-1.772802745186213558e-01
7.616477124249138031e-01
-1.782108547899223239e-01
7.639222432950869557e-01
-1.791348866298206888e-01
7.662260905062627803e-01
-1.800509847961704601e-01
7.684098787557018806e-01
-1.810032209278290560e-01
7.706841448604533351e-01
-1.819317891848850899e-01
7.729277869989279459e-01
-1.828710816036100695e-01
7.752273753889775687e-01
-1.837949264490311707e-01
7.774996840505569162e-01
-1.847274061116490063e-01
7.797410816173864223e-01
-1.856721374165486438e-01
7.820385119641172222e-01
-1.866015215399831895e-01
7.843078963849750007e-01
-1.875390293800160701e-01
7.865469026673633790e-01
-1.884893605230155145e-01
7.888417673755592219e-01
-1.894242971786866958e-01
7.911091327819262942e-01
-1.903673541363748167e-01
7.933458250144560520e-01
-1.913235691769563651e-01
7.956387631506650626e-01
-1.922639651467166200e-01
7.978739190645264268e-01
-1.932201437461500970e-01
8.001360294049790767e-01
-1.941735772255828163e-01
8.024275993434752952e-01
-1.951184980918312384e-01
8.046613525110635212e-01
-1.960814237069176680e-01
8.069205841331954510e-01
-1.970403919639964196e-01
8.092098433255885404e-01
-1.979893726188388658e-01
8.114412275522733253e-01
-1.989581701791494073e-01
8.136983197778115962e-01
-1.999219018882999466e-01
8.159854742473614531e-01
-2.008769498744551463e-01
8.182144982241856823e-01
-2.018506565597172342e-01
8.204696498173327246e-01
-2.028196083793274984e-01
8.227543560986214644e-01
-2.037803738142151544e-01
8.249809834098418282e-01
-2.047590125215424939e-01
8.272338333210890182e-01
-2.057336881467625445e-01
8.295160789417905800e-01
-2.067000779110890751e-01
8.317400300537041158e-01
-2.076837840583646844e-01
8.339890068145512370e-01
-2.086627804836287958e-01
8.362409294458635900e-01
-2.096413710226101568e-01
8.384615786154800965e-01
-2.106327519718564356e-01
8.407391421804666365e-01
-2.116090556621907093e-01
8.429581428842274349e-01
-2.126011425274817457e-01
8.452043988349020598e-01
-2.135892993247806571e-01
8.474807515586924023e-01
-2.145694131073770383e-01
8.496981946173782774e-01
-2.155672165617317226e-01
8.519423952450368986e-01
-2.165612589579182790e-01
8.542165650365928231e-01
-2.175465489082298309e-01
8.564321195660919983e-01
-2.185507807500429722e-01
8.586735500589257608e-01
-2.195489981854696349e-01
8.609455220518658081e-01
-2.205401973431208584e-01
8.631584567674031039e-01
-2.215496510760614490e-01
8.653972878976913252e-01
-2.225530425789106481e-01
8.676365779646820764e-01
-2.235551843835226205e-01
8.698459619517294739e-01
-2.245705774360989004e-01
8.721116944238522795e-01
-2.255714127849256512e-01
8.743203775326949811e-01
-2.265889694119346820e-01
8.765555468339885081e-01
-2.276013196481986300e-01
8.788208189700310591e-01
-2.286067286532673104e-01
8.810262708536218401e-01
-2.296279589689974865e-01
8.832585633363597699e-01
-2.306466653671129796e-01
8.854923986974649885e-01
-2.316642845923407856e-01
8.876948417245518197e-01
-2.326919706076133187e-01
8.899541664376757755e-01
-2.337068740516519694e-01
8.921562764566129955e-01
-2.347382217744458099e-01
8.943847345834305962e-01
-2.357643647535029585e-01
8.966433831967280943e-01
-2.367825114269655473e-01
8.988434761097851000e-01
-2.378195738236804080e-01
9.010697635627420432e-01
-2.388513061082843669e-01
9.033266026986848107e-01
-2.398761494907645231e-01
9.055236877558625608e-01
-2.409180044061257076e-01
9.077454219999558926e-01
-2.419535114300969680e-01
9.099711060107662508e-01
-2.429907622964476432e-01
9.121623645611514064e-01
-2.440385227732931595e-01
9.144148130626292836e-01
-2.450707760386513778e-01
9.166083413881440656e-01
-2.461211705971911301e-01
9.188277485627003305e-01
-2.471671588985233647e-01
9.210779612763800861e-01
-2.482060678625603867e-01
9.232367750259469208e-01
-2.492677357798594728e-01
9.254839509093581995e-01
-2.503107077286231275e-01
9.277028549509760413e-01
-2.513606715508980294e-01
9.298897810175613676e-01
-2.524222430945271545e-01
9.321346357632426249e-01
-2.534711400977280316e-01
9.343502593972566883e-01
-2.545263767713247804e-01
9.365081114842630505e-01
-2.555996090711179503e-01
9.387219834120761330e-01
-2.566588267532489698e-01
9.409050599059745057e-01
-2.577288110745004079e-01
9.431455105690749185e-01
-2.587859606712353822e-01
9.453579659760307230e-01
-2.598511732424589327e-01
9.475377763810532983e-01
-2.609245086591379659e-01
9.497759722422964845e-01
-2.619874898636923577e-01
9.519855455824157708e-01
-2.630560252713007863e-01
9.541633792740039643e-01
-2.641360740141681651e-01
9.563989206727983028e-01
-2.652035308172263628e-01
9.586061628502919874e-01
-2.662790651806500319e-01
9.607810920701218560e-01
-2.673630009686612796e-01
9.630141033427164210e-01
-2.684355117080538533e-01
9.652188861263715225e-01
-2.695154209173593607e-01
9.673912773035164836e-01
-2.706055901847703726e-01
9.696210651294567828e-01
-2.716831796585429948e-01
9.718228457619122462e-01
-2.727672540322314543e-01
9.739921421665287404e-01
-2.738624294958872385e-01
9.762191264713206973e-01
-2.749442426288160601e-01
9.784176685624378367e-01
-2.760329805569857742e-01
9.805851008521306866e-01
-2.771343227759461847e-01
9.828103797762237637e-01
-2.782217255917366350e-01
9.850070076745807146e-01
-2.793168604146338829e-01
9.871717556215229283e-01
-2.804209485581796724e-01
9.893945529993655175e-01
-2.815145152077557222e-01
9.915891711761566363e-01
-2.826151177567348682e-01
9.937507847995865617e-01
-2.837252727957050857e-01
9.959710313910556945e-01
-2.848228786760063636e-01
9.981630227509111775e-01
-2.859277683027690031e-01
1.000322499442019231e+00
-2.870423718978059036e-01
1.002540336861019288e+00
-2.881464575572050824e-01
1.004728862401971234e+00
-2.892553209262728187e-01
1.006886259543773976e+00
-2.903765570408228802e-01
1.009101362188904893e+00
-2.914843508817541728e-01
1.011287901885700613e+00
-2.925998397802167528e-01
1.013442444151429811e+00
-2.937239427086320576e-01
1.015655135901437189e+00
-2.948382189095148376e-01
1.017839375808471170e+00
-2.959581188204545299e-01
1.019990712260357313e+00
-2.970880171591667729e-01
1.022200502825782342e+00
-2.982056961251419169e-01
1.024382058392866002e+00
-2.993310474710248470e-01
1.026531233180307812e+00
-3.004646253305144898e-01
1.028738134783622860e+00
-3.015883595834241149e-01
1.030917376995249546e+00
-3.027177283019976683e-01
1.033064046327223595e+00
-3.038577156753429764e-01
1.035269356937541296e+00
-3.049869966146337985e-01
1.037445138070221651e+00
-3.061202422544541113e-01
1.039589477228247238e+00
-3.072659312992621627e-01
1.041791497757368123e+00
-3.083984599984420094e-01
1.043965540313895435e+00
-3.095390663692002553e-01
1.046106659638179615e+00
-3.106866878499158213e-01
1.048306960977321234e+00
-3.118261262161469705e-01
1.050478435366346996e+00
-3.129699581828263577e-01
1.052617579466094799e+00
-3.141239193435415578e-01
1.054815053282302406e+00
-3.152674612267584164e-01
1.056984048483319949e+00
-3.164170739346312544e-01
1.059120087775205166e+00
-3.175757905935134850e-01
1.061314837556077029e+00
-3.187233727175594056e-01
1.063480769664448378e+00
-3.198781800572821910e-01
1.065614388936978907e+00
-3.210405452208157095e-01
1.067806980241043702e+00
-3.221945163112787669e-01
1.069970589011767004e+00
-3.233521864191495343e-01
1.072102259565967497e+00
-3.245207444855846557e-01
1.074292210182571372e+00
-3.256788495690096652e-01
1.076453426779972133e+00
-3.268431549455405039e-01
1.078582421030698901e+00
-3.280152174318117231e-01
1.080769692379572433e+00
-3.291789551757502430e-01
1.082928445831537800e+00
-3.303471879290881263e-01
1.085054752265666611e+00
-3.315248043562399882e-01
1.087239544743564323e+00
-3.326920827491313126e-01
1.089395931476799806e+00
-3.338665507619241746e-01
1.091519510896229450e+00
-3.350477892670610247e-01
1.093701463849982236e+00
-3.362206674646052162e-01
1.095855176772400075e+00
-3.373982627078094820e-01
1.097976256104411297e+00
-3.385856909881960197e-01
1.100155714160916842e+00
-3.397620268144024847e-01
1.102306949534570091e+00
-3.409458639893606646e-01
1.104424769166509890e+00
-3.421365268358155798e-01
1.106601262405100927e+00
-3.433179562738910562e-01
1.108749596111701319e+00
-3.445049168706899589e-01
1.110865452598623904e+00
-3.457009165188853483e-01
1.113038215493291849e+00
-3.468854171272534037e-01
1.115154343752952082e+00
-3.480843819060368549e-01
1.117296908187342064e+00
-3.492807635154008272e-01
1.119470429982392101e+00
-3.504710613681613074e-01
1.121583631080499632e+00
-3.516746874770351194e-01
1.123723559711105491e+00
-3.528743788512722079e-01
1.125894622850018623e+00
-3.540702996887954423e-01
1.127972416125683219e+00
-3.552815115872068885e-01
1.130140278149325272e+00
-3.564813661804292488e-01
1.132279683905331735e+00
-3.576860509414424572e-01
1.134386486127924254e+00
-3.588993500369916934e-01
1.136551859480811499e+00
-3.601028996497278589e-01
1.138688732790784641e+00
-3.613119196456286986e-01
1.140793047109892822e+00
-3.625299537975343878e-01
1.142955803274656734e+00
-3.637382742337125219e-01
1.145090048319642007e+00
-3.649532557484733708e-01
1.147185263951249867e+00
-3.661752467780046150e-01
1.149252599148514964e+00
-3.674018983972906494e-01
1.151372050709829731e+00
-3.686198996643136327e-01
1.153472381774407696e+00
-3.698476986512939657e-01
1.155629818788538099e+00
-3.710668690604498332e-01
1.157758141191374435e+00
-3.722895489853444428e-01
1.159853903762819050e+00
-3.735194399058290871e-01
1.162008613501565257e+00
-3.747425223070568467e-01
1.164134860978954800e+00
-3.759707199944170575e-01
1.166225937276981872e+00
-3.772055473713842311e-01
1.168379754634429446e+00
-3.784328035977891913e-01
1.170441101709464027e+00
-3.796736685173561221e-01
1.172591823646180309e+00
-3.809047948986959975e-01
1.174713795570841546e+00
-3.821404751756537488e-01
1.176803605019305810e+00
-3.833825641990183941e-01
1.178951554206867813e+00
-3.846181708142069056e-01
1.181040670312139884e+00
-3.858628781961876419e-01
1.183156038176352842e+00
-3.871060341808177929e-01
1.185302774746582299e+00
-3.883441814909265322e-01
1.187389704846699479e+00
-3.895937599048323596e-01
1.189503361867381148e+00
-3.908415036767775019e-01
1.191647860957208538e+00
-3.920849769666187035e-01
1.193731577723064374e+00
-3.933380635751093646e-01
1.195842664424044077e+00
-3.945908105971409618e-01
1.197984466747364252e+00
-3.958398295372090314e-01
1.200066091437755667e+00
-3.970967655205318581e-01
1.202174539509246021e+00
-3.983541061512233528e-01
1.204313406501644312e+00
-3.996061573197017269e-01
1.206391855344411512e+00
-4.008677143619034378e-01
1.208497863833576158e+00
-4.021293739217194352e-01
1.210634406868635438e+00
-4.033867778219509814e-01
1.212710930690913402e+00
-4.046535205326209361e-01
1.214813620626718382e+00
-4.059198168685166364e-01
1.216947472740259606e+00
-4.071801545737506745e-01
1.219021124728033811e+00
-4.084510023190698336e-01
1.221121885586778921e+00
-4.097214423395084681e-01
1.223253480630335233e+00
-4.109871741154837999e-01
1.225325005597532435e+00
-4.122632576358738477e-01
1.227423043235059907e+00
-4.135382472567472600e-01
1.229551536595112404e+00
-4.148067842181762943e-01
1.231620554535503453e+00
-4.160876215525635691e-01
1.233716062339132780e+00
-4.173678223528328735e-01
1.235842320202059863e+00
-4.186417988989045158e-01
1.237908458589243033e+00
-4.199269694973534750e-01
1.240001152201491763e+00
-4.212090868139984901e-01
1.242124734576734779e+00
-4.224885910575394976e-01
1.244188169907402663e+00
-4.237774450349282573e-01
1.246278496207181119e+00
-4.250643858553022625e-01
1.248399368091892558e+00
-4.263485618821616918e-01
1.250460272138277595e+00
-4.276409653795533727e-01
1.252547521256782481e+00
-4.289327888261972310e-01
1.254637031932440028e+00
-4.302245257238442866e-01
1.256693663215774137e+00
-4.315231152200675879e-01
1.258808834362658446e+00
-4.328138447551667101e-01
1.260865576158852752e+00
-4.341131716257623507e-01
1.262949197615072627e+00
-4.354124149810632560e-01
1.265063416008288311e+00
-4.367076865172095923e-01
1.267117795874807662e+00
-4.380120912932812249e-01
1.269198791694967188e+00
-4.393158375069473043e-01
1.271280809945186441e+00
-4.406189564511906465e-01
1.273331080984328123e+00
-4.419285557809620180e-01
1.275439022003754586e+00
-4.432321294814965951e-01
1.277488540852025567e+00
-4.445439690372879893e-01
1.279564959513365796e+00
-4.458546544970911629e-01
1.281641713978958208e+00
-4.471640890250471179e-01
1.283686292712016286e+00
-4.484811216058815497e-01
1.285791891629584960e+00
-4.497910668707069126e-01
1.287837374045656791e+00
-4.511104484156929773e-01
1.289908656425721389e+00
-4.524274843794554024e-01
1.291982448069959766e+00
-4.537442428115993076e-01
1.294024232932848406e+00
-4.550681786907304072e-01
1.296123459592538607e+00
-4.563862591156988557e-01
1.298164574616083478e+00
-4.577121469962530664e-01
1.300232555887460562e+00
-4.590362999330167559e-01
1.302330920544181314e+00
-4.603589432237766288e-01
1.304338485456647767e+00
-4.616919010802175150e-01
1.306433839404333552e+00
-4.630170739070154085e-01
1.308500622803009161e+00
-4.643464567495714235e-01
1.310533623732469621e+00
-4.656808468786760580e-01
1.312627697088973644e+00
-4.670100997206965698e-01
1.314661889495672309e+00
-4.683478026546676332e-01
1.316722266359686255e+00
-4.696836631210263291e-01
1.318784585583487878e+00
-4.710204303920990654e-01
1.320813552014275416e+00
-4.723623623881112454e-01
1.322874230919412586e+00
-4.737007013912979958e-01
1.324902931059015909e+00
-4.750454983610019610e-01
1.326989430513173529e+00
-4.763850265060379230e-01
1.329047171453121123e+00
-4.777272391496735215e-01
1.331073210752053981e+00
-4.790764056770104307e-01
1.333156664260426449e+00
-4.804210124509171731e-01
1.335211969630280215e+00
-4.817698551570777643e-01
1.337235316938439222e+00
-4.831228995866635456e-01
1.339316357280435188e+00
-4.844700775337028031e-01
1.341339270852399235e+00
-4.858255580189050349e-01
1.343387812953663607e+00
-4.871790069755499997e-01
1.345438380148371582e+00
-4.885337089455848991e-01
1.347455649802373312e+00
-4.898921759958603794e-01
1.349503815852004962e+00
-4.912482183629950927e-01
1.351519491549791008e+00
-4.926120692849326188e-01
1.353566182621745773e+00
-4.939713985864193080e-01
1.355581707340510089e+00
-4.953374696513661024e-01
1.357652001155169819e+00
-4.966960017367225699e-01
1.359666905852573215e+00
-4.980632705242956093e-01
1.361709127926234997e+00
-4.994302942247839106e-01
1.363751930198033646e+00
-5.007957935667861626e-01
1.365762198001796657e+00
-5.021671732649655162e-01
1.367830455575201665e+00
-5.035342215009488420e-01
1.369809977365148201e+00
-5.049111668642161099e-01
1.371876674850095235e+00
-5.062810042185601489e-01
1.373886235076631657e+00
-5.076562110674094352e-01
1.375921520234589579e+00
-5.090331770482787732e-01
1.377986777335210800e+00
-5.104070534521429892e-01
1.379993380463212738e+00
-5.117879921137833410e-01
1.382026386489612291e+00
-5.131678629682712156e-01
1.384089074196726887e+00
-5.145459460318816403e-01
1.386092741010802154e+00
-5.159307168751707806e-01
1.388122817387568375e+00
-5.173153730311003118e-01
1.390183730337164691e+00
-5.186963626564577989e-01
1.392184985791021568e+00
-5.200855462598101830e-01
1.394212528982464283e+00
-5.214737920457805931e-01
1.396270014949426708e+00
-5.228596120849164919e-01
1.398268899412810296e+00
-5.242515498671194152e-01
1.400293836438917472e+00
-5.256443515940265598e-01
1.402349232128628387e+00
-5.270333002108498199e-01
1.404345042488635675e+00
-5.284306691442630655e-01
1.406367237390188318e+00
-5.298272271831139246e-01
1.408419259136741042e+00
-5.312215725788689280e-01
1.410412238588981459e+00
-5.326220682979111443e-01
1.412432059732402267e+00
-5.340232868612845296e-01
1.414452488064809277e+00
-5.354232745198690413e-01
1.416440942658228286e+00
-5.368283597315024469e-01
1.418486780333201747e+00
-5.382297233724961938e-01
1.420475975172976080e+00
-5.396360148822654246e-01
1.422490071405229983e+00
-5.410431767355512456e-01
1.424476317354941068e+00
-5.424517476670458471e-01
1.426489128324970768e+00
-5.438603528852872238e-01
1.428532326649598616e+00
-5.452691614352396243e-01
1.430516553197678009e+00
-5.466815350189168088e-01
1.432528474837665211e+00
-5.480953523522420490e-01
1.434568297518301172e+00
-5.495035519750239850e-01
1.436550479661955482e+00
-5.509201071696472329e-01
1.438557877497258719e+00
-5.523372125006131839e-01
1.440595330579881095e+00
-5.537508984753635177e-01
1.442574660277077037e+00
-5.551722053463599149e-01
1.444579803187403977e+00
-5.565935262737754519e-01
1.446615068226744905e+00
-5.580149752733325474e-01
1.448591246042478575e+00
-5.594394919757530449e-01
1.450621462779495996e+00
-5.608636592134446097e-01
1.452595979403985549e+00
-5.622907393541816123e-01
1.454624254332732569e+00
-5.637175009949548787e-01
1.456587088049915879e+00
-5.651495259585557207e-01
1.458615152030418249e+00
-5.665769306947983086e-01
1.460614579332550012e+00
-5.680070809977990631e-01
1.462552097894390890e+00
-5.694431919255504848e-01
1.464547549034440621e+00
-5.708780648425224591e-01
1.466561356886081358e+00
-5.723126270245644243e-01
1.468528428853911105e+00
-5.737501659469854687e-01
1.470551364881068190e+00
-5.751867024516191806e-01
1.472518360588078945e+00
-5.766267829235869335e-01
1.474509589727674097e+00
-5.780668913749353877e-01
1.476520388348407264e+00
-5.795078103474072817e-01
1.478482584392406096e+00
-5.809523521181365613e-01
1.480471225414512482e+00
-5.823979691606361309e-01
1.482399758443057047e+00
-5.838480470021695234e-01
1.484327454027087878e+00
-5.852994307754270098e-01
1.486254256024881260e+00
-5.867521153791726007e-01
1.488180163385974586e+00
-5.882061029727089219e-01
1.490105172625777019e+00
-5.896613911205345060e-01
1.492029286585587533e+00
-5.911179793924892234e-01
1.493952505726022340e+00
-5.925758691357144725e-01
1.495874826346095254e+00
-5.940350579708419954e-01
1.497796247992626562e+00
-5.954955453750878647e-01
1.499716770426440249e+00
-5.969573302357209510e-01
1.501636394931170626e+00
-5.984204113813214043e-01
1.503555123374420210e+00
-5.998847893660412822e-01
1.505472951797319769e+00
-6.013504628097250393e-01
1.507389879565568913e+00
-6.028174308012510529e-01
1.509305906319912349e+00
-6.042856928422704055e-01
1.511221031588343422e+00
-6.057552483237942376e-01
1.513135255062739049e+00
-6.072260965149437473e-01
1.515048576209569342e+00
-6.086982367303532815e-01
1.516960994480617053e+00
-6.101716683837060673e-01
1.518872511263369862e+00
-6.116463861026368853e-01
1.520783136517970036e+00
-6.131223728466774769e-01
1.522692868437556246e+00
-6.145996221526479619e-01
1.524601707269292561e+00
-6.160781330484386142e-01
1.526509654437737229e+00
-6.175579044141623619e-01
1.528416712596491589e+00
-6.190389358642970352e-01
1.530322877307473739e+00
-6.205212255298770962e-01
1.532228148384542354e+00
-6.220047723523595140e-01
1.534132525305401229e+00
-6.234895748943478644e-01
1.536036007323368757e+00
-6.249756314729102424e-01
1.537938594074681475e+00
-6.264629408152355694e-01
1.539840285286018240e+00
-6.279515017188389558e-01
1.541741080720851809e+00
-6.294413129852106659e-01
1.543640979672552316e+00
-6.309323712996327549e-01
1.545539983481728274e+00
-6.324246748451421984e-01
1.547438087089022529e+00
-6.339182218120408274e-01
1.549335291215997668e+00
-6.354130115638394471e-01
1.551231595954879472e+00
-6.369090431134867281e-01
1.553127000716625794e+00
-6.384063150333842973e-01
1.555021504850577774e+00
-6.399048258472572748e-01
1.556915107616131611e+00
-6.414045740499960679e-01
1.558807808238146464e+00
-6.429055581178121370e-01
1.560699605900446763e+00
-6.444077765059423868e-01
1.562590499726283610e+00
-6.459112276451040024e-01
1.564480488803919211e+00
-6.474159099428036246e-01
1.566369572174206137e+00
-6.489218217821397516e-01
1.568257750294301589e+00
-6.504289615218017406e-01
1.570145024497641151e+00
-6.519373279240072705e-01
1.572031389861953787e+00
-6.534469187778422228e-01
1.573916845258056973e+00
-6.549577324274088452e-01
1.575801389447085255e+00
-6.564697671122567968e-01
1.577685021134430876e+00
-6.579830210279742353e-01
1.579567738987100345e+00
-6.594974923353178475e-01
1.581449541612607534e+00
-6.610131791586570937e-01
1.583330427549958674e+00
-6.625300795829341949e-01
1.585210395265148176e+00
-6.640481916509212157e-01
1.587089443146513457e+00
-6.655675133602599880e-01
1.588967572019931662e+00
-6.670880447198348495e-01
1.590844797132040300e+00
-6.686097978302965039e-01
1.592721120634900789e+00
-6.701327736926392387e-01
1.594596543375714992e+00
-6.716569718246161447e-01
1.596471066387221915e+00
-6.731823921334600946e-01
1.598344690684373903e+00
-6.747090347092086215e-01
1.600217417037313794e+00
-6.762368995566503393e-01
1.602089244698362780e+00
-6.777659855166261460e-01
1.603960174315775422e+00
-6.792962921493155282e-01
1.605830207151345057e+00
-6.808278199979161949e-01
1.607699343437109185e+00
-6.823605688001043168e-01
1.609567588066586064e+00
-6.838945386661194892e-01
1.611434960257089433e+00
-6.854297455594707822e-01
1.613301448534605775e+00
-6.869661815654350967e-01
1.615167044620193337e+00
-6.885038368982948631e-01
1.617031746681500071e+00
-6.900427070606363067e-01
1.618895521673328064e+00
-6.915827720009419810e-01
1.620758372509785605e+00
-6.931240314294588867e-01
1.622620300800332149e+00
-6.946664842048776434e-01
1.624481306743490894e+00
-6.962101289570423734e-01
1.626341390075738413e+00
-6.977549641934215341e-01
1.628200550383860357e+00
-6.993009885080999632e-01
1.630058787291402522e+00
-7.008482006835744516e-01
1.631916100499922084e+00
-7.023965996230575604e-01
1.633772490283743828e+00
-7.039461844243422028e-01
1.635627956758797241e+00
-7.054969542023321605e-01
1.637482499845120953e+00
-7.070489080943860305e-01
1.639336119436444861e+00
-7.086020453125244645e-01
1.641188815234516429e+00
-7.101563650097796332e-01
1.643040587266528130e+00
-7.117118664685022633e-01
1.644891435090861442e+00
-7.132685488648528027e-01
1.646741358112014719e+00
-7.148264113565830913e-01
1.648590356257140233e+00
-7.163854531879833010e-01
1.650438428808393754e+00
-7.179456734813745022e-01
1.652285575025636444e+00
-7.195070713459617018e-01
1.654131794449289705e+00
-7.210696459240238942e-01
1.655977087839787920e+00
-7.226333964249016528e-01
1.657821455373465591e+00
-7.241983218897567465e-01
1.659664895467059864e+00
-7.257644217903982398e-01
1.661507406445018598e+00
-7.273316947879402417e-01
1.663348987641988908e+00
-7.289001399504638767e-01
1.665189638493915103e+00
-7.304697563635191848e-01
1.667029358428622432e+00
-7.320405431191354673e-01
1.668868146833009325e+00
-7.336124993075054945e-01
1.670706003182070631e+00
-7.351856240595201486e-01
1.672542926951835707e+00
-7.367599164763576347e-01
1.674378917738686523e+00
-7.383353756557878844e-01
1.676213974720979660e+00
-7.399120006544159800e-01
1.678048097055782950e+00
-7.414897905415833712e-01
1.679881283771761602e+00
-7.430687443810931603e-01
1.681713534069697369e+00
-7.446488612432300425e-01
1.683544847318569015e+00
-7.462301402182331955e-01
1.685375222971634335e+00
-7.478125804206345872e-01
1.687204660401264933e+00
-7.493961809619107406e-01
1.689033159087169444e+00
-7.509809409857828300e-01
1.690860718549871855e+00
-7.525668596227196305e-01
1.692687338152072396e+00
-7.541539359821732846e-01
1.694513017227957441e+00
-7.557421691904949723e-01
1.696337755153820570e+00
-7.573315583834825393e-01
1.698161551439222317e+00
-7.589221027251594753e-01
1.699984405757337003e+00
-7.605138013913307349e-01
1.701806317737825980e+00
-7.621066535775429251e-01
1.703627286765017512e+00
-7.637006584439055557e-01
1.705447312220313316e+00
-7.652958151471843662e-01
1.707266393473595434e+00
-7.668921228530181100e-01
1.709084530088025966e+00
-7.684895807522255096e-01
1.710901721668919073e+00
-7.700881880009780023e-01
1.712717971499145841e+00
-7.716879444281719014e-01
1.714533277173979187e+00
-7.732888490962279704e-01
1.716347636238838348e+00
-7.748909007347852818e-01
1.718161047826882282e+00
-7.764940985331907353e-01
1.719973510772471625e+00
-7.780984416441829588e-01
1.721785023863546371e+00
-7.797039291593030885e-01
1.723595585926519291e+00
-7.813105601514356291e-01
1.725405196159965460e+00
-7.829183338012348781e-01
1.727213853784785424e+00
-7.845272493116191015e-01
1.729021558032524997e+00
-7.861373058908593947e-01
1.730828308116523218e+00
-7.877485027496049508e-01
1.732634103291742944e+00
-7.893608391185121809e-01
1.734438943095227614e+00
-7.909743142527689841e-01
1.736242827107791431e+00
-7.925889274214347191e-01
1.738045754882442839e+00
-7.942046779538994850e-01
1.739847725785465649e+00
-7.958215651110865929e-01
1.741648739222296793e+00
-7.974395881518224760e-01
1.743448794534802282e+00
-7.990587463532516921e-01
1.745247890951097336e+00
-8.006790389994955515e-01
1.747046027554756131e+00
-8.023004653021775789e-01
1.748843203516941003e+00
-8.039230245155716270e-01
1.750639418187556640e+00
-8.055467159371215713e-01
1.752434671094742491e+00
-8.071715388591954587e-01
1.754228961364740602e+00
-8.087974925952583494e-01
1.756022287959586814e+00
-8.104245764695086063e-01
1.757814649481127312e+00
-8.120527895853958400e-01
1.759606045000392527e+00
-8.136821312085832369e-01
1.761396473657262707e+00
-8.153126006415176708e-01
1.763185934774143870e+00
-8.169441972216248127e-01
1.764974427667730605e+00
-8.185769202827799518e-01
1.766761951617802140e+00
-8.202107691899103159e-01
1.768548505764907297e+00
-8.218457432660057904e-01
1.770334089233814190e+00
-8.234818418390319472e-01
1.772118701147961328e+00
-8.251190642371212247e-01
1.773902340626781760e+00
-8.267574097987976378e-01
1.775685006775217900e+00
-8.283968778663020061e-01
1.777466700429416235e+00
-8.300374678224127223e-01
1.779247421686114272e+00
-8.316791803130478833e-01
1.781027166752556345e+00
-8.333220132458039053e-01
1.782805934731443998e+00
-8.349659660462838140e-01
1.784583724716228836e+00
-8.366110381202631618e-01
1.786360535787103299e+00
-8.382572288603975519e-01
1.788136367009371064e+00
-8.399045376539844288e-01
1.789911217435635304e+00
-8.415529638874154061e-01
1.791685086110970548e+00
-8.432025069534240247e-01
1.793457972072486140e+00
-8.448531662501372885e-01
1.795229874349787869e+00
-8.465049411812185509e-01
1.797000791961711696e+00
-8.481578311551769556e-01
1.798770723920306125e+00
-8.498118355863546469e-01
1.800539669227059214e+00
-8.514669538947821081e-01
1.802307626880623959e+00
-8.531231855059446811e-01
1.804074595874137543e+00
-8.547805298514802308e-01
1.805840575193586650e+00
-8.564389863687738025e-01
1.807605565200808506e+00
-8.580985545856489871e-01
1.809369565717539263e+00
-8.597592337540613805e-01
1.811132575135852685e+00
-8.614210241208530849e-01
1.812894590818866059e+00
-8.630839243875941813e-01
1.814655611705128901e+00
-8.647479340412467241e-01
1.816415636756385066e+00
-8.664130525870390453e-01
1.818174664899930848e+00
-8.680792795198151168e-01
1.819932695062653760e+00
-8.697466143320888854e-01
1.821689722142610934e+00
-8.714150581413625529e-01
1.823445751829753103e+00
-8.730846072792193269e-01
1.825200777539086605e+00
-8.747553075995848637e-01
1.826954431037343785e+00
-8.764267954478400791e-01
1.828707566803001949e+00
-8.780995970217198021e-01
1.830459331205898099e+00
-8.797729863063464828e-01
1.832210204674556309e+00
-8.814477745826163613e-01
1.833960192702626557e+00
-8.831237155220091894e-01
1.835708964676087795e+00
-8.848009260692948352e-01
1.837456603370690500e+00
-8.864788324746053494e-01
1.839205213286582374e+00
-8.881581381667189579e-01
1.840953729872264022e+00
-8.898373179747853801e-01
1.842701296782502274e+00
-8.915175821996891292e-01
1.844447973867451296e+00
-8.931985205177368492e-01
1.846193457348334732e+00
-8.948813072180461514e-01
1.847938237960999874e+00
-8.965648584700762758e-01
1.849681984296434489e+00
-8.982495094556290915e-01
1.851424596304948045e+00
-8.999353115050899854e-01
1.853166054365336990e+00
-9.016222943647954624e-01
1.854906410107379333e+00
-9.033104205731879999e-01
1.856645618588988134e+00
-9.049996795788595172e-01
1.858383638148274342e+00
-9.066901432505914959e-01
1.860120571010460910e+00
-9.083817064116650464e-01
1.861856371795797882e+00
-9.100744111100713685e-01
1.863590847668384676e+00
-9.117678196202808616e-01
1.865326177736393198e+00
-9.134625534551792381e-01
1.867140404048051483e+00
-9.151617774298965724e-01
1.868930348163691635e+00
-9.168588728884330408e-01
1.870745758419187776e+00
-9.185573945802080198e-01
1.872513062954971996e+00
-9.202509314824999231e-01
1.874306724379729117e+00
-9.219430414567940657e-01
1.876075061830984270e+00
-9.236344826061209101e-01
1.877869019405946194e+00
-9.253297222569085712e-01
1.879665645846811728e+00
-9.270203216515788824e-01
1.881436705511416729e+00
-9.287115772795466739e-01
1.883186871243814897e+00
-9.303979897557214107e-01
1.884961731478100866e+00
-9.320861869540342237e-01
1.886761646599895759e+00
-9.337788640136306384e-01
1.888562838423493151e+00
-9.354712257548569720e-01
1.890364795335603088e+00
-9.371629932250619133e-01
1.892167520821567805e+00
-9.388542918901893186e-01
1.893971091853791089e+00
-9.405454521138784107e-01
1.895775317069181565e+00
-9.422354737743621200e-01
1.897580939406714462e+00
-9.439256116420424725e-01
1.899386543761376167e+00
-9.456141578596040098e-01
1.901193848610352566e+00
-9.473032101158798124e-01
1.903001743022966652e+00
-9.489913821099911218e-01
1.904810581577353279e+00
-9.506792748397785431e-01
1.906620129906296146e+00
-9.523668554405678721e-01
1.908430513814659779e+00
-9.540540194849208566e-01
1.910241576145335074e+00
-9.557404529496342782e-01
1.912054252195781290e+00
-9.574273592849529280e-01
1.913866898181337373e+00
-9.591134683185742471e-01
1.915680732960333144e+00
-9.607990126284222665e-01
1.917474839929257602e+00
-9.624810996555029918e-01
1.919291325430717565e+00
-9.641662720479028392e-01
1.921107257732688423e+00
-9.658486910293988537e-01
1.922905478270616308e+00
-9.675284011717333321e-01
1.924701703245870865e+00
-9.692095191449051628e-01
1.926479815516617400e+00
-9.708867133539312855e-01
1.928299215851118076e+00
-9.725689236618485500e-01
1.930119726497464772e+00
-9.742500576188450889e-01
1.931940052863922119e+00
-9.759312363153137548e-01
1.933760628390644998e+00
-9.776120265190023639e-01
1.935581129283471924e+00
-9.792925223160707793e-01
1.937402384012379741e+00
-9.809721662111968721e-01
1.939208977927687538e+00
-9.826502428967212044e-01
1.941002367787183269e+00
-9.843261339685692723e-01
1.942808409086697941e+00
-9.860021818386583980e-01
1.944630769088099731e+00
-9.876808525995356414e-01
1.946422831886715610e+00
-9.893537231028495249e-01
1.948193702165484709e+00
-9.910249641522300701e-01
1.949948373895433518e+00
-9.926945410159436767e-01
1.951722437646409292e+00
-9.943652685201372909e-01
1.953496892416302533e+00
-9.960353945392006469e-01
1.955255666593719077e+00
-9.977047394567252203e-01
1.957034938890183540e+00
-9.993687212421896726e-01
1.958831358293808389e+00
-1.001038260261958746e+00
1.960666239867795646e+00
-1.002717094368601902e+00
1.962431264493407213e+00
-1.004382180321433005e+00
1.964229675447034529e+00
-1.006052012054564848e+00
1.966044643633488187e+00
-1.007722229068143127e+00
1.967873544063684976e+00
-1.009395856000875114e+00
1.969693469628651883e+00
-1.011069042159424392e+00
1.971511502154231099e+00
-1.012739610799933132e+00
1.973314119036840175e+00
-1.014409739118927289e+00
1.975174502525678166e+00
-1.016091252790665811e+00
1.977000584986663423e+00
-1.017761671091210296e+00
1.978837060639080381e+00
-1.019434082424852006e+00
1.980646392867496886e+00
-1.021102574595674106e+00
1.982485315280808402e+00
-1.022772728596868408e+00
1.984309162151609129e+00
-1.024446620581875411e+00
1.986147086897558145e+00
-1.026123411090451576e+00
1.987970575514469207e+00
-1.027798158024266328e+00
1.989813574573369603e+00
-1.029478657656553775e+00
1.991654158564737598e+00
-1.031148472870234478e+00
1.993494958871049993e+00
-1.032818222191369983e+00
1.995323230657791713e+00
-1.034488153308849689e+00
1.997158517640960973e+00
-1.036158420071328301e+00
1.998985318695219116e+00
-1.037826783304543810e+00
2.000832880214259202e+00
-1.039498798273664537e+00
2.002665215668835597e+00
-1.041168676199431431e+00
2.004508887921074400e+00
-1.042836526493314375e+00
2.006352271720408975e+00
-1.044505338405666617e+00
2.008195914547791894e+00
-1.046174067589223933e+00
2.010040215227895111e+00
-1.047842820288930721e+00
2.011884155068803359e+00
-1.049510616687651332e+00
2.013729617493536850e+00
-1.051178137310913030e+00
2.015574554514111938e+00
-1.052845431717983615e+00
2.017420295851027223e+00
-1.054513385297336958e+00
2.019267504640226196e+00
-1.056181348695436117e+00
2.021114513866006490e+00
-1.057848440844466387e+00
2.022962618778930910e+00
-1.059515505535994162e+00
2.024809739887449389e+00
-1.061182272454318731e+00
2.026657698657615470e+00
-1.062847962567934346e+00
2.028506276407206599e+00
-1.064513600294961115e+00
2.030349160871631753e+00
-1.066180534282967551e+00
2.032198088448299078e+00
-1.067846239049470736e+00
2.034045869461100331e+00
-1.069511147743972046e+00
2.035895286011207617e+00
-1.071176176755733955e+00
2.037745229116541434e+00
-1.072841530552823830e+00
2.039596094500659262e+00
-1.074506677184369874e+00
2.041447050108380790e+00
-1.076170259606909596e+00
2.043298155217046386e+00
-1.077835247917477979e+00
2.045148553775106848e+00
-1.079498633078306735e+00
2.046999645469014251e+00
-1.081162450716596002e+00
2.048850422093894785e+00
-1.082826031981684700e+00
2.050702088651138677e+00
-1.084490656868038805e+00
2.052553228032900190e+00
-1.086153352448873122e+00
2.054404852283926441e+00
-1.087817625274143607e+00
2.056255765304121130e+00
-1.089482259136417941e+00
2.058106749193753249e+00
-1.091144445524819151e+00
2.059958774127899961e+00
-1.092809501918483583e+00
2.061812637048053176e+00
-1.094473492353424504e+00
2.063664930384610408e+00
-1.096137424722479103e+00
2.065516613307360139e+00
-1.097801941622865707e+00
2.067368098805345777e+00
-1.099462788643703393e+00
2.069230434296827958e+00
-1.101129172116375843e+00
2.071083632777458217e+00
-1.102792018721245881e+00
2.072945269812716873e+00
-1.104454688781775884e+00
2.074803639901835695e+00
-1.106118211763144066e+00
2.076657274736608993e+00
-1.107780660136841844e+00
2.078511583262647733e+00
-1.109444711106540638e+00
2.080368696832664899e+00
-1.111105594274965469e+00
2.082222750395970934e+00
-1.112769949957517213e+00
2.084078107179576200e+00
-1.114431731693842131e+00
2.085932337382959467e+00
-1.116095171546629183e+00
2.087790070136156917e+00
-1.117758397749511579e+00
2.089649273668038099e+00
-1.119418405802515615e+00
2.091502930463478904e+00
-1.121078733221914536e+00
2.093360254388267894e+00
-1.122739410215363609e+00
2.095215388062976913e+00
-1.124399002928086588e+00
2.097065883073065073e+00
-1.126057730019911940e+00
2.098916648708657462e+00
-1.127716445662780842e+00
2.100768269323149529e+00
-1.129375218386837298e+00
2.102620526744217067e+00
-1.131033978287917074e+00
2.104473468788785606e+00
-1.132692701875941621e+00
2.106327081531111478e+00
-1.134351359601200482e+00
2.108181360801893334e+00
-1.136009938947182274e+00
2.110036266160857377e+00
-1.137668400475460917e+00
2.111891944814753064e+00
-1.139326760673259997e+00
2.113748059471201923e+00
-1.140984988266628974e+00
2.115604574854874187e+00
-1.142643096019516413e+00
2.117461605388281320e+00
-1.144301117400351009e+00
2.119319161209158864e+00
-1.145959064255204218e+00
2.121177252575066507e+00
-1.147616940919019335e+00
2.123035774869529213e+00
-1.149274736319320755e+00
2.124894709619250310e+00
-1.150932452808421047e+00
2.126753729332481857e+00
-1.152590037760227837e+00
2.128613123042683242e+00
-1.154247525837485799e+00
2.130473011864510102e+00
-1.155904954488837788e+00
2.132333538127235251e+00
-1.157562374762009405e+00
2.134194146021058724e+00
-1.159219650305683302e+00
